762
724
490
245
742
793
702
280
905
280
60
287
87
16
279
353
101
593
647
1000
569
2
940
390
384
691
918
140
721
936
601
47
801
293
92
542
888
435
711
569
123
429
170
520
712
881
240
390
632
104
146
264
836
953
933
381
639
198
328
265
646
265
938
269
64
318
78
133
9
330
192
379
914
505
490
371
962
707
703
62
618
587
765
777
148
875
943
782
748
245
678
767
973
553
421
973
390
151
807
203
438
929
81
763
664
839
157
242
260
657
995
349
542
495
926
260
99
235
415
558
399
372
490
878
155
24
237
488
946
428
644
451
799
167
511
313
625
880
283
697
522
565
518
770
333
587
330
53
652
933
173
722
113
959
453
807
690
340
658
870
520
256
325
869
81
84
113
920
238
31
85
853
499
395
528
669
799
628
257
146
919
523
579
201
50
189
499
509
967
156
943
408
318
417
159
167
547
554
946
658
318
385
436
784
337
317
170
265
896
607
202
105
81
179
699
841
865
846
327
334
858
651
145
988
845
602
284
662
165
586
706
407
284
374
548
705
240
7
96
736
991
439
531
15
715
563
564
697
704
579
665
742
98
375
171
852
455
192
893
335
810
173
658
101
560
193
536
715
894
536
160
495
334
414
284
378
456
51
255
698
640
166
447
665
447
820
347
335
331
650
922
458
624
310
692
998
780
321
564
316
855
984
848
322
424
129
946
620
987
612
75
797
313
483
572
483
229
764
532
208
693
903
953
553
434
162
509
488
278
271
406
597
166
562
528
387
248
554
843
211
785
863
22
58
154
663
347
536
284
923
58
880
106
281
470
847
941
765
326
260
41
596
969
935
331
419
500
488
447
63
495
443
273
836
758
304
339
197
969
260
394
421
85
611
828
850
685
23
897
556
248
164
626
734
497
757
361
280
15
318
952
554
304
255
678
746
605
871
83
500
347
520
957
932
354
659
676
627
995
917
757
678
443
208
682
605
135
632
296
452
140
359
897
979
55
599
582
721
686
680
970
163
461
524
921
312
700
239
101
172
522
819
876
501
371
579
245
483
494
607
488
319
398
442
940
275
757
408
984
523
671
46
854
702
557
477
452
768
415
161
472
236
669
748
560
490
568
479
624
19
780
915
677
791
493
741
244
474
198
652
603
261
215
188
305
320
482
379
956
328
237
420
403
952
905
896
124
546
53
682
909
280
299
619
855
12
826
486
266
982
972
430
38
992
698
429
798
47
357
231
365
406
388
631
493
225
282
555
478
321
601
94
932
292
358
725
603
659
38
304
574
979
517
397
981
775
752
82
251
992
235
890
129
829
141
478
361
956
253
708
352
241
651
356
114
112
714
105
348
931
587
891
425
192
635
458
107
812
509
932
26
880
513
537
245
810
257
741
520
337
74
765
726
117
449
893
849
789
450
11
704
957
136
100
854
814
842
751
3
884
315
134
728
257
596
14
940
768
120
993
629
933
170
688
25
102
821
95
260
710
941
315
618
887
544
474
474
951
427
713
488
991
863
418
168
607
25
806
470
793
695
622
78
811
42
828
787
492
517
398
626
252
174
253
723
245
481
886
447
466
648
472
317
314
797
669
279
504
236
258
94
271
664
752
946
390
840
966
764
898
412
45
860
798
787
327
480
639
999
510
913
300
67
651
994
564
836
270
157
459
912
59
199
367
673
899
352
893
328
251
338
58
569
278
322
1
956
529
504
535
124
548
966
214
826
459
204
945
33
596
309
690
617
777
782
206
799
715
404
450
303
216
435
468
738
202
224
717
818
438
411
381
54
24
508
147
775
327
332
87
79
715
187
511
153
684
761
600
844
245
66
475
501
492
917
121
705
628
866
202
789
893
326
540
41
46
779
174
938
732
327
333
326
810
424
797
818
593
500
227
759
321
608
836
115
222
585
659
519
946
556
31
172
376
800
957
73
28
693
525
130
768
594
222
10
17
15
681
979
108
30
161
713
616
938
116
121
104
502
914
550
948
918
347
755
938
196
802
864
767
400
204
726
854
900
773
247
125
397
754
80
395
69
959
696
472
206
690
63
506
675
839
371
90
682
617
664
250
208
24
944
513
839
738
474
201
653
394
959
359
436
826
726
947
543
947
308
737
891
524
416
410
927
579
758
757
7
178
902
258
421
887
741
506
905
944
944
126
109
497
656
286
203
692
994
828
355
82
327
881
337
30
314
225
603
597
116
582
440
282
364
379
490
862
207
67
439
758
183
872
227
883
669
901
420
425
473
26
925
588
187
432
550
866
898
439
288
404
299
512
870
162
801
357
114
240
138
339
743
321
370
469
779
511
635
607
337
697
252
485
176
315
892
738
561
121
393
441
318
798
855
812
731
297
350
630
671
711
100
239
21
649
461
696
912
28
191
891
426
129
487
551
474
200
726
205
325
744
795
837
615
140
940
128
609
606
231
152
82
959
944
388
961
56
821
597
905
494
78
128
144
359
135
741
992
105
105
950
330
992
536
908
573
527
821
822
788
698
117
23
973
512
139
170
956
663
849
560
677
367
37
570
901
941
823
464
6
594
317
948
952
288
694
738
327
80
20
84
39
416
929
141
643
751
457
713
295
239
969
728
375
978
185
665
143
226
734
358
713
696
149
198
999
305
651
912
841
963
811
573
10
233
20
396
674
730
795
469
701
701
679
941
873
936
468
539
48
719
216
370
131
990
984
496
952
595
891
373
596
456
488
421
974
92
456
294
608
585
803
577
220
348
612
891
194
738
966
307
786
251
498
383
308
954
596
489
59
678
602
168
106
302
394
128
40
850
218
25
816
906
755
665
49
882
938
865
233
893
704
226
587
325
302
792
534
968
524
159
732
929
699
204
544
867
274
686
517
284
248
514
157
209
784
719
648
62
90
913
316
768
911
386
836
709
413
477
118
588
175
768
428
121
104
606
627
76
716
153
268
236
564
38
164
704
787
52
619
813
870
11
994
939
166
687
495
356
582
147
193
852
364
987
461
500
227
780
40
232
13
505
502
306
536
919
580
406
906
870
355
232
218
334
800
297
108
807
1000
974
945
887
810
98
702
356
844
441
936
657
906
447
731
217
820
468
899
337
952
863
217
82
60
242
477
464
642
272
535
175
43
108
131
426
25
109
826
764
327
255
858
16
748
446
194
416
343
198
68
396
386
828
975
921
470
773
3
851
439
962
541
769
271
25
660
921
44
537
888
72
78
727
924
142
973
772
517
947
945
319
683
729
373
894
361
805
755
246
392
112
542
258
327
756
154
476
630
696
789
194
396
218
919
72
1000
370
756
613
541
650
776
130
231
104
163
703
98
498
776
224
951
513
284
352
551
843
618
149
315
813
875
220
909
872
690
835
509
849
460
563
414
740
774
222
689
209
476
944
899
227
294
462
791
312
168
742
993
590
743
374
250
234
579
670
960
906
420
534
71
557
580
278
992
177
270
149
51
69
914
587
848
443
814
979
925
274
353
787
388
825
38
789
33
210
624
256
164
562
805
522
31
952
628
420
905
455
516
61
892
904
660
219
607
839
500
991
562
79
132
698
833
870
467
752
200
833
987
319
181
569
103
30
640
206
677
764
652
839
571
917
376
924
290
777
939
623
760
41
687
549
609
858
19
663
786
820
941
511
155
349
642
542
829
600
877
338
447
615
827
720
197
700
948
74
585
184
965
796
67
642
366
650
284
488
286
204
643
313
499
202
719
193
52
692
553
606
317
148
626
544
276
196
50
401
117
840
751
39
875
734
791
424
547
922
394
150
577
979
407
435
716
688
452
273
598
709
900
848
972
245
18
533
242
337
311
893
762
479
609
383
273
770
316
411
480
984
398
945
485
957
112
790
963
443
385
316
53
813
942
20
564
30
559
485
201
157
445
220
969
379
641
716
24
541
732
798
276
947
259
898
715
981
528
904
403
457
520
230
998
62
742
741
170
967
475
114
86
767
364
848
171
913
952
698
707
145
64
430
266
32
196
830
802
327
94
872
713
258
894
142
561
862
806
976
509
49
878
272
533
97
115
856
368
274
949
265
836
694
335
376
685
241
65
335
16
701
813
927
786
243
444
106
515
858
885
33
653
676
255
912
332
951
366
879
270
28
33
933
941
681
956
561
509
546
241
39
496
477
236
988
148
523
762
926
559
906
680
608
554
519
435
469
167
741
828
522
237
970
689
861
382
430
5
23
883
854
504
829
85
648
349
971
52
780
17
360
526
176
622
140
44
636
618
264
256
49
858
305
306
306
36
278
228
774
432
352
799
71
797
270
890
493
991
414
432
511
859
755
916
546
364
216
745
798
698
386
422
351
236
627
283
858
745
447
208
974
42
803
457
280
308
759
909
495
83
446
607
390
792
127
171
464
786
734
763
956
28
358
173
970
283
552
399
552
177
98
136
266
306
761
360
50
536
924
744
976
806
903
443
483
345
111
524
997
453
553
3
658
622
34
355
407
308
567
141
523
46
422
74
592
553
468
658
199
379
504
701
325
911
328
437
281
441
333
869
877
224
760
784
98
676
843
138
155
711
386
373
119
897
605
200
132
84
239
252
408
546
814
399
52
484
1000
838
561
700
102
813
655
909
205
86
806
423
210
41
366
932
715
382
339
490
612
74
294
115
728
646
204
238
406
903
883
936
632
988
763
55
731
482
691
426
286
915
760
827
109
221
551
510
167
104
479
683
734
301
893
298
243
791
900
515
382
364
129
73
6
546
634
452
976
933
796
843
665
496
625
768
911
164
269
474
251
190
273
645
390
179
495
233
427
893
316
761
484
338
769
211
402
495
288
487
908
203
441
699
28
413
725
238
742
266
275
918
995
960
835
870
215
512
910
616
734
428
920
498
47
233
149
349
417
53
179
302
108
318
932
899
583
950
70
148
257
23
529
580
600
340
410
382
98
775
802
363
332
742
203
849
897
887
821
914
581
34
482
698
763
518
21
225
267
844
485
685
528
620
822
406
123
403
645
534
778
43
193
80
532
808
166
92
433
535
529
664
559
306
364
337
502
784
896
650
914
806
159
862
297
956
716
582
857
441
187
297
438
238
3
899
913
536
177
952
41
687
244
358
1
849
751
622
785
308
969
953
472
320
663
826
109
513
143
211
320
353
426
252
518
905
997
527
819
529
573
879
197
52
823
626
359
812
160
798
463
158
413
871
637
428
582
349
898
64
975
336
658
114
557
137
26
573
751
129
303
518
564
956
29
772
549
350
837
451
100
538
818
699
456
756
322
700
825
356
619
219
911
845
358
381
157
36
451
175
774
837
844
678
143
941
225
206
669
751
516
118
405
669
600
365
407
663
939
886
546
537
833
200
394
826
379
823
732
192
365
209
836
186
725
156
941
873
934
616
335
602
882
193
494
561
855
48
403
34
95
244
611
298
679
104
30
561
236
189
781
296
597
372
979
984
92
577
732
313
366
130
752
440
325
341
451
259
396
128
105
451
282
334
437
99
661
602
695
818
376
189
618
794
148
580
506
838
528
667
174
927
692
902
788
752
699
426
155
510
334
21
559
247
193
606
385
28
182
50
970
477
221
628
159
569
54
845
457
467
102
624
482
564
828
191
386
612
682
926
458
784
533
890
878
379
569
580
73
806
436
22
772
445
212
236
335
968
573
95
607
821
61
507
22
698
48
178
404
50
935
479
305
490
692
811
810
920
268
821
613
928
672
795
464
877
709
61
837
572
688
930
189
469
710
148
299
508
679
889
969
831
213
560
321
466
903
939
910
555
740
179
471
771
87
454
491
168
839
620
33
913
274
104
775
581
153
331
162
763
274
712
146
448
521
998
390
151
940
556
468
745
5
796
17
335
887
276
120
610
449
931
387
228
874
88
545
515
506
484
150
144
566
242
230
988
37
293
394
129
214
867
286
816
39
237
937
388
296
79
71
355
855
87
140
731
781
126
83
452
260
70
933
39
234
969
159
965
584
814
478
329
455
683
998
731
540
492
6
389
46
386
538
285
729
435
240
413
681
659
706
264
552
341
539
469
360
105
757
521
674
929
544
742
791
881
126
86
819
936
486
994
675
724
536
111
535
988
965
338
85
328
662
362
638
161
947
24
358
215
621
915
902
298
756
586
358
495
3
367
823
591
227
831
493
887
907
811
432
898
368
507
196
420
92
175
923
578
928
885
880
190
961
667
467
257
168
261
637
177
625
960
131
584
129
816
799
128
859
415
80
816
427
219
55
123
691
672
57
908
972
888
940
835
916
434
792
217
791
895
581
836
282
250
793
25
763
432
795
905
448
864
278
173
606
54
386
421
320
563
88
334
330
879
502
519
85
186
20
433
547
258
495
469
42
992
603
380
277
452
92
351
734
957
676
403
708
382
911
554
944
353
881
481
41
311
947
938
771
445
436
835
227
36
593
314
873
205
305
894
22
41
152
76
746
560
517
42
529
901
193
49
616
890
484
841
913
751
435
655
808
857
434
890
311
774
616
169
343
71
170
454
572
151
930
711
235
660
255
768
860
545
752
721
508
47
444
433
352
626
680
458
484
820
540
666
485
529
476
83
857
873
713
698
272
726
819
630
262
260
452
689
414
879
488
178
770
151
859
6
424
162
560
771
455
73
80
459
628
359
559
205
408
601
93
175
239
847
841
138
986
721
876
79
56
458
234
548
652
976
978
17
306
496
801
362
172
570
548
58
614
502
553
862
650
895
800
707
60
146
526
693
913
677
926
578
484
67
679
562
901
13
843
75
827
353
862
948
863
741
746
794
139
131
910
172
468
19
499
556
781
364
406
461
478
912
690
729
562
411
407
388
295
295
121
252
403
470
610
160
21
786
791
205
679
958
608
74
576
979
699
884
457
673
19
619
298
197
148
953
287
916
438
323
142
435
29
915
14
292
147
565
883
885
605
265
903
782
272
104
685
833
286
486
243
414
149
847
48
298
187
610
116
548
760
235
183
952
976
423
521
911
411
744
937
924
127
688
274
186
705
905
676
494
544
219
235
145
846
188
194
633
229
884
234
831
170
530
529
599
420
279
402
106
254
961
504
958
684
343
938
253
762
961
283
737
979
616
451
96
337
952
924
670
989
886
343
216
857
570
948
671
937
97
388
879
112
733
295
600
549
315
157
304
153
775
156
506
145
594
186
980
203
100
742
125
162
330
866
274
844
632
482
219
606
234
604
299
322
946
42
65
214
282
280
393
934
509
320
949
532
140
364
409
715
229
709
296
343
110
966
16
512
260
559
795
570
568
521
201
51
572
808
775
38
820
891
600
946
159
992
327
535
502
838
13
777
423
2
749
917
302
222
129
668
1000
221
947
886
25
842
823
417
431
475
377
687
479
102
278
939
463
735
31
865
668
96
671
711
299
802
574
476
873
970
338
343
498
63
855
529
944
17
764
874
33
590
77
95
676
972
216
248
247
354
173
540
651
873
567
373
737
378
599
885
108
702
40
147
543
806
187
75
824
556
847
946
770
748
338
80
899
179
402
268
793
431
913
626
878
965
932
391
648
40
899
993
933
211
595
21
980
313
141
95
956
680
801
423
733
350
356
565
936
593
67
986
489
379
175
892
184
560
551
708
509
595
233
411
468
388
802
581
168
485
103
823
32
776
711
251
572
532
814
920
132
721
649
567
400
581
695
822
400
676
501
70
583
759
14
115
252
880
532
127
444
41
771
613
120
174
358
778
247
20
702
548
150
895
814
447
716
930
932
35
756
232
589
908
957
975
896
453
471
469
828
75
404
130
116
811
912
97
256
368
767
580
464
502
732
686
175
144
468
845
691
959
605
745
615
159
285
303
523
280
209
61
255
36
573
399
370
865
174
964
954
517
929
509
877
601
666
467
663
461
563
751
85
460
124
438
852
564
450
103
646
931
955
5
590
29
929
686
684
718
881
741
188
754
495
281
605
407
787
969
614
820
617
84
314
313
121
89
41
591
411
10
311
615
925
633
998
552
556
993
843
951
888
516
783
330
497
542
663
847
930
899
677
53
377
456
502
781
8
195
142
118
244
554
143
200
218
521
142
933
113
341
570
674
793
817
805
852
269
801
942
95
547
810
3
864
486
1000
47
355
259
101
853
646
122
407
274
909
99
671
528
150
771
514
834
449
857
483
706
70
305
838
99
701
500
827
681
541
955
974
971
976
540
586
303
752
764
618
329
698
456
788
109
666
28
203
743
99
842
292
497
505
458
277
645
753
127
369
495
290
885
72
365
247
499
71
781
128
797
116
768
382
33
531
856
913
13
981
438
4
421
287
88
78
670
674
58
360
28
807
674
409
178
425
491
696
405
979
63
472
55
619
294
605
119
389
532
542
684
963
472
561
42
192
34
214
757
455
512
687
28
307
597
116
338
820
718
790
492
923
906
544
482
277
160
611
665
235
534
836
530
903
721
274
204
154
462
387
149
902
681
234
678
391
378
520
863
167
371
857
484
155
884
245
73
56
248
520
93
621
870
672
125
257
587
799
190
706
746
737
731
540
959
758
926
741
814
809
781
838
634
208
5
792
639
336
955
959
511
146
203
19
516
326
622
157
333
595
405
982
472
175
443
671
870
221
74
325
21
14
571
600
568
953
179
522
489
34
890
922
450
156
415
594
43
84
379
362
304
323
223
385
579
129
213
276
543
382
401
864
755
981
880
915
189
764
137
606
161
398
883
146
683
851
714
514
602
303
174
929
531
901
134
136
632
325
909
426
611
431
552
37
479
204
967
803
489
44
185
8
125
360
23
123
970
519
675
21
413
232
83
404
472
145
490
820
219
12
9
282
700
398
60
249
71
851
448
721
865
297
150
435
213
173
261
868
727
737
426
494
650
381
114
70
429
560
240
336
420
751
272
913
518
807
114
916
824
629
558
634
790
959
202
855
107
357
922
782
230
23
72
250
987
644
424
890
779
956
741
947
160
738
772
405
747
161
829
586
732
331
62
799
360
834
397
808
560
374
681
420
491
849
253
256
874
299
421
531
596
472
973
537
764
669
719
587
999
154
388
998
617
21
362
705
426
135
268
108
924
947
357
665
25
772
877
301
61
37
802
317
521
17
572
984
851
296
57
790
850
901
350
585
19
90
490
814
198
618
449
305
865
96
32
842
389
481
660
795
152
314
763
236
626
67
325
845
504
430
556
36
232
616
643
200
753
569
908
338
186
1000
93
157
115
418
714
189
635
23
86
61
337
876
291
116
776
498
473
283
138
893
634
362
431
878
269
314
277
416
318
233
374
262
163
879
410
567
409
635
329
282
893
4
86
491
989
407
955
529
811
281
401
797
562
445
230
229
19
533
349
281
442
803
263
654
782
640
858
169
980
614
533
250
546
322
956
533
334
172
382
846
399
488
735
141
738
393
92
567
111
604
709
230
668
198
272
282
697
964
495
43
30
546
887
54
242
795
659
85
957
306
251
716
416
816
629
463
910
270
517
306
880
225
27
181
653
165
479
484
160
192
992
901
336
377
287
162
692
131
601
320
439
896
473
489
22
507
807
633
352
606
463
521
858
323
712
411
805
55
753
579
116
674
391
329
724
756
33
212
678
296
417
368
792
456
348
129
788
650
346
830
908
567
56
605
712
312
78
102
886
248
445
3
719
854
740
813
31
214
111
187
482
499
54
528
679
994
486
332
490
555
231
540
855
300
508
573
502
514
128
358
594
358
340
267
847
566
347
233
891
763
446
350
131
411
950
567
995
467
456
63
820
105
644
529
407
726
61
864
254
303
684
819
693
203
202
684
155
984
851
311
758
994
827
170
419
873
691
788
998
838
127
641
410
682
312
741
167
73
382
843
830
886
636
579
389
561
627
313
183
546
414
121
439
123
31
358
626
79
972
762
835
928
342
536
619
302
694
401
740
724
638
388
920
89
20
420
158
365
112
641
742
127
249
675
147
178
530
384
452
157
242
997
70
398
178
817
872
74
952
866
632
517
413
397
80
14
196
784
327
455
956
597
804
540
659
99
644
940
626
609
548
600
733
125
96
974
41
223
245
945
854
923
613
464
120
126
347
304
12
576
510
131
7
760
405
219
108
770
821
370
804
586
442
156
920
386
917
578
887
708
718
204
238
984
622
416
188
65
113
151
461
358
791
825
768
273
398
425
543
620
247
410
612
850
45
299
175
444
207
631
49
363
876
222
604
580
63
657
180
174
315
512
401
118
949
739
738
701
247
412
982
473
852
132
10
144
374
260
720
875
601
936
240
486
741
97
740
985
713
712
635
171
120
837
202
79
870
417
319
738
645
40
219
194
80
700
849
997
872
254
664
782
275
643
560
554
661
319
704
173
200
613
828
219
541
53
52
39
875
87
980
16
86
135
419
919
370
532
825
658
738
325
758
351
18
424
672
784
606
58
349
358
406
198
490
859
97
838
769
580
98
576
736
758
962
145
235
646
275
187
146
809
699
117
669
333
626
837
835
621
500
838
367
754
408
130
111
982
383
10
307
957
634
486
42
998
303
948
716
420
730
545
453
900
490
562
337
433
778
672
280
632
364
582
990
864
489
432
3
733
740
850
65
141
87
783
589
195
41
256
483
791
704
78
796
544
315
779
975
762
389
409
156
460
145
760
218
222
325
754
920
925
459
276
842
340
493
496
928
412
930
87
231
475
141
598
519
25
393
802
694
551
357
806
888
445
601
347
609
723
329
267
284
90
41
316
853
387
706
624
174
555
171
256
631
144
923
588
826
435
462
652
737
512
990
686
385
206
450
363
935
416
928
752
921
313
530
511
277
120
423
815
604
344
985
685
493
803
163
213
481
226
917
290
577
48
441
754
91
4
217
646
833
427
886
611
919
16
294
183
640
794
514
728
239
506
897
177
434
979
169
761
992
988
940
281
478
581
435
109
999
25
644
227
763
906
532
66
256
489
453
250
141
988
390
363
169
491
893
359
28
53
282
533
755
764
97
226
703
271
597
603
985
309
228
732
846
100
109
73
505
799
705
709
498
605
509
643
527
776
278
391
922
401
594
141
144
760
861
838
875
526
679
654
985
438
63
304
469
965
164
882
273
582
939
168
915
85
602
303
400
202
951
853
725
979
785
10
810
600
575
628
734
724
907
698
345
486
962
231
648
839
115
990
121
812
343
767
242
26
194
507
461
282
815
585
315
292
114
461
331
561
921
24
719
700
672
40
334
105
294
592
607
667
975
704
958
869
887
112
384
682
487
859
74
659
165
678
644
197
172
946
39
488
611
170
958
835
81
204
377
879
628
264
533
983
474
553
400
989
577
832
218
323
776
381
205
164
814
102
791
97
767
682
665
680
178
170
505
13
811
890
298
401
568
737
212
947
166
250
150
8
483
413
181
674
125
867
828
921
236
852
264
881
6
63
400
154
731
982
181
525
172
144
333
104
323
973
382
947
631
610
253
144
24
568
293
425
623
662
172
28
855
759
898
176
691
811
834
95
543
241
834
801
112
477
23
321
880
227
642
268
442
708
251
859
314
720
365
375
178
864
862
143
581
118
758
750
579
137
372
317
188
432
363
77
329
687
360
150
30
281
977
55
537
717
305
616
369
769
336
786
296
26
183
828
882
775
840
256
624
778
116
171
691
743
317
46
818
741
702
441
461
623
742
244
205
37
276
332
115
266
135
942
804
918
528
431
801
802
124
216
769
603
892
611
664
631
932
912
639
646
944
499
429
411
544
76
936
272
201
276
980
131
432
410
212
971
989
599
128
528
947
419
397
323
196
764
779
60
931
996
212
195
932
913
572
820
370
535
407
885
451
74
304
335
470
890
837
750
805
528
253
182
536
973
8
8
992
97
747
897
742
200
862
315
119
728
914
121
96
776
578
261
744
682
245
324
591
645
878
207
367
483
757
797
256
495
205
648
705
738
271
98
833
987
410
985
335
47
92
536
563
300
61
7
554
42
849
1000
887
611
921
988
90
579
610
897
846
912
339
960
235
904
595
655
693
368
550
366
408
461
922
663
903
455
448
811
861
902
326
156
693
720
85
466
73
102
765
539
224
382
988
259
492
479
420
737
205
234
566
637
940
347
17
969
710
964
573
944
130
307
890
219
198
147
285
963
677
796
192
100
468
63
909
87
977
908
474
830
392
524
335
456
62
633
779
866
717
508
287
836
395
846
372
576
285
924
570
105
808
381
599
504
427
847
749
39
961
595
48
155
22
251
119
736
809
437
571
729
257
634
734
736
999
920
78
341
394
351
576
694
972
743
298
601
180
184
280
637
624
440
461
269
926
555
271
842
103
909
882
190
959
377
771
511
743
306
65
437
49
818
48
572
734
560
547
840
559
965
254
208
719
106
400
178
640
424
194
201
177
656
51
816
463
763
265
327
619
487
614
686
904
455
992
503
832
507
467
319
462
432
423
350
567
764
596
247
431
898
514
869
877
491
64
523
367
824
663
84
701
287
53
493
402
598
881
477
780
687
707
961
573
921
323
138
998
98
839
642
889
674
867
757
668
543
499
63
569
678
103
285
484
139
283
27
425
341
505
249
551
1
185
677
406
964
84
302
90
55
336
573
553
816
954
124
594
114
13
631
685
334
571
675
232
156
20
337
259
693
422
854
464
405
645
336
643
343
416
744
722
164
579
283
123
234
154
700
714
332
94
940
623
689
903
64
108
324
456
196
449
234
352
92
784
280
297
702
755
531
747
215
293
271
420
52
654
578
761
668
385
430
695
28
844
639
738
675
869
413
297
872
328
807
682
278
590
419
674
373
394
207
779
916
811
212
102
991
464
700
70
889
560
223
75
752
722
563
584
217
812
702
915
259
406
388
153
335
887
776
520
313
530
889
345
560
127
994
469
206
728
618
57
753
742
375
977
468
52
616
585
390
810
522
679
48
261
62
14
401
44
522
920
287
512
275
481
232
510
576
622
892
864
276
594
297
342
276
962
911
117
957
90
225
137
854
214
447
408
652
846
248
832
421
408
429
194
671
122
809
557
910
222
99
320
106
706
274
226
349
411
534
924
100
510
956
877
266
413
881
5
675
257
680
876
82
995
783
178
696
721
803
879
472
249
352
58
649
874
288
359
287
667
897
760
72
618
77
294
47
476
493
767
259
529
265
499
754
2
821
551
108
773
589
594
844
862
131
723
460
205
927
113
167
527
559
409
790
666
664
374
106
849
62
622
63
663
298
843
163
832
1000
151
260
870
802
485
423
551
192
823
319
523
142
404
113
210
329
471
932
800
712
507
113
561
68
743
553
382
155
874
843
231
725
812
494
100
321
447
213
484
659
841
922
602
777
148
879
669
84
124
462
662
480
302
336
151
214
993
947
741
59
576
499
313
225
739
54
669
307
258
866
693
473
202
450
188
980
610
713
493
117
357
660
237
530
541
452
750
647
521
762
245
959
425
501
408
264
347
291
760
948
781
288
818
999
863
725
129
716
975
824
597
532
753
709
977
724
356
678
321
166
39
578
507
314
598
489
879
729
779
309
412
423
709
712
720
407
834
770
940
139
205
65
244
833
237
935
334
762
864
598
846
616
392
870
402
143
401
426
93
941
424
647
197
25
632
209
355
265
534
6
432
908
828
170
620
61
833
790
632
556
855
325
421
809
95
878
646
729
926
788
321
369
443
265
67
190
435
108
492
724
450
156
222
234
75
93
699
178
718
521
490
357
931
220
708
633
63
734
13
710
211
833
351
246
743
949
148
723
860
440
734
48
390
99
874
547
431
785
766
914
913
8
230
204
750
790
296
169
924
120
82
523
298
426
218
315
981
39
247
112
37
936
666
620
556
264
83
77
783
66
173
165
4
813
588
436
769
902
397
884
7
641
358
275
894
673
316
804
190
238
771
240
296
268
363
586
136
778
833
91
544
1
431
616
62
358
242
116
859
465
373
582
900
97
741
888
128
50
679
419
958
455
348
579
718
735
728
782
56
507
68
110
962
988
791
863
485
108
704
536
371
281
815
841
900
531
525
688
896
51
416
743
773
810
80
646
962
481
607
516
65
794
292
805
71
502
813
660
241
173
743
299
623
81
349
998
7
793
670
463
266
307
258
839
868
736
379
872
421
604
105
368
235
787
450
537
449
549
28
219
653
119
25
622
436
727
270
534
291
31
752
104
588
137
612
824
670
747
319
884
507
765
713
38
135
857
853
546
410
956
236
974
669
485
680
749
203
154
166
552
751
453
208
53
539
149
587
599
405
366
485
469
215
797
124
291
219
584
146
959
722
738
844
221
336
407
482
383
47
726
311
23
514
567
137
851
676
850
405
91
22
121
121
120
890
179
815
265
853
74
538
729
464
510
813
312
702
351
596
257
82
635
900
690
406
396
79
199
426
687
612
454
843
830
291
706
684
809
11
311
121
659
539
634
737
857
354
599
484
954
821
260
819
916
875
542
530
391
708
872
522
297
535
868
109
458
88
661
885
169
865
59
457
361
115
360
349
624
916
993
855
272
632
432
97
114
502
303
146
766
885
905
5
532
436
139
900
566
459
736
332
26
301
76
342
147
810
220
551
401
617
62
884
838
480
340
317
130
538
342
928
665
258
833
904
216
870
518
327
773
942
719
204
747
222
861
672
969
195
836
180
130
17
962
377
514
673
614
713
910
158
210
951
175
476
701
522
987
175
382
685
324
591
783
256
138
937
973
210
305
552
718
893
128
974
167
254
720
471
140
182
335
219
284
339
417
445
239
815
163
81
130
352
532
900
72
19
37
942
115
207
316
525
549
143
902
930
715
111
883
18
922
168
993
264
978
427
304
718
832
178
908
768
301
973
239
891
655
43
615
592
687
283
378
525
369
693
975
270
196
882
681
264
334
405
726
798
326
44
360
636
467
985
507
906
72
746
847
962
552
9
219
930
966
184
165
985
69
455
115
251
587
958
662
849
240
306
42
716
333
249
374
563
45
117
327
568
139
9
632
76
738
609
908
400
303
914
298
22
636
330
328
237
327
4
743
387
915
933
771
974
477
996
398
987
261
463
678
182
48
438
970
438
525
96
482
318
938
232
419
747
314
875
553
188
380
697
136
416
163
717
441
819
59
317
240
460
852
96
412
542
358
157
339
560
941
860
625
608
386
919
290
386
669
456
95
587
620
753
381
788
231
526
727
94
622
885
329
362
639
171
440
427
3
978
488
877
643
439
925
19
963
415
62
286
390
914
421
177
735
427
402
680
130
535
637
760
807
202
35
83
394
303
686
310
836
516
291
431
928
303
399
93
89
389
661
478
617
946
347
474
344
843
89
789
216
146
605
893
798
626
590
577
314
209
186
969
643
943
114
86
378
163
880
113
3
468
133
324
486
588
852
539
505
871
988
689
401
381
212
831
514
302
609
668
971
956
157
503
264
673
106
228
744
914
623
40
208
378
384
344
769
758
958
919
861
872
631
257
974
95
558
961
844
146
727
970
280
341
844
558
583
792
269
315
343
69
569
844
799
197
233
838
726
947
8
383
179
244
468
39
793
793
860
682
88
282
761
101
281
414
217
961
547
154
727
694
692
749
344
626
880
179
574
763
427
130
876
946
953
394
827
393
74
564
518
245
545
168
125
785
674
908
699
347
695
386
602
853
292
624
330
518
177
385
156
907
720
609
860
52
955
416
737
972
664
142
379
443
202
813
70
529
158
959
788
52
358
208
891
19
149
176
746
984
552
288
54
598
883
932
103
69
746
608
36
105
89
958
444
729
337
521
783
957
897
58
869
174
277
342
55
774
370
833
283
729
60
934
394
112
506
796
850
510
681
598
734
248
691
580
245
24
9
767
457
396
766
856
167
729
208
592
545
770
688
7
683
984
33
554
817
990
509
838
360
129
871
131
647
851
636
655
210
116
133
873
223
14
276
296
846
254
734
842
436
431
260
485
724
308
488
304
510
690
680
963
41
214
21
779
880
422
522
960
260
984
885
502
575
762
292
139
610
806
629
75
384
876
48
289
683
393
201
184
805
749
66
380
633
328
117
995
868
945
72
833
156
471
263
116
746
856
876
296
286
642
652
540
787
662
839
615
556
78
211
796
279
14
812
923
565
100
457
335
658
292
242
551
795
682
447
687
870
554
469
765
552
255
1000
8
811
587
113
764
966
234
913
254
843
415
90
36
427
110
464
959
577
829
744
57
103
54
7
899
984
607
278
801
556
779
217
276
963
826
350
634
976
672
576
868
864
167
670
685
412
684
791
715
623
441
406
824
992
555
721
582
350
599
891
547
802
337
192
602
410
353
805
281
275
490
741
725
652
26
533
776
685
672
729
342
702
154
951
317
668
898
58
517
486
893
531
660
436
523
916
921
565
443
308
142
869
39
905
792
539
26
402
961
320
908
509
844
249
831
935
728
858
709
884
224
85
536
188
826
744
683
337
282
515
485
869
809
763
404
31
998
305
982
791
389
882
216
83
178
793
297
699
549
242
422
941
470
90
959
673
507
992
541
6
570
46
278
535
244
357
667
10
627
649
197
530
336
624
992
220
481
704
527
20
861
699
328
650
837
980
901
424
765
773
469
278
314
10
653
945
15
574
730
557
462
754
927
802
731
503
897
185
486
833
796
168
863
936
670
725
185
990
66
35
966
892
565
722
124
156
402
706
96
839
508
278
773
415
430
815
410
948
623
187
490
940
522
559
295
571
84
462
686
145
702
722
545
931
343
502
679
395
288
192
572
854
244
643
855
329
913
26
945
606
710
697
660
874
550
549
229
104
598
285
382
675
848
894
530
517
781
747
982
97
922
792
163
57
653
380
699
673
114
607
651
781
817
492
539
319
78
776
373
188
488
994
798
705
492
174
553
540
572
466
325
46
892
121
386
981
876
954
792
826
270
264
514
663
811
531
204
9
206
718
222
296
962
728
555
646
384
279
495
533
174
423
378
903
947
695
669
377
339
850
740
364
668
142
632
991
15
236
400
616
650
545
192
476
899
92
785
1
452
994
488
22
621
496
300
207
650
771
580
727
235
524
571
684
481
462
823
26
604
783
204
836
2
100
783
199
397
139
732
363
733
631
473
510
645
721
645
599
557
296
544
64
464
411
984
386
381
963
632
100
419
285
445
463
793
70
476
977
499
906
858
621
62
332
776
760
809
79
551
857
432
985
134
447
923
926
546
658
586
573
564
938
986
103
364
610
857
569
812
31
385
44
428
157
440
899
162
659
822
555
471
312
397
672
512
714
989
351
608
489
40
282
695
493
120
88
764
76
849
332
994
595
829
294
254
138
370
442
216
768
340
91
983
264
104
619
688
18
822
477
654
381
239
414
919
283
148
200
108
873
454
838
276
58
952
266
917
682
360
432
116
23
987
330
145
503
807
900
904
276
98
621
635
531
360
430
379
850
10
249
535
497
954
413
584
686
722
138
502
132
38
398
773
740
579
826
439
759
341
500
530
346
590
802
435
275
726
221
772
642
2
620
501
567
886
569
303
919
98
970
477
827
991
782
440
493
904
247
441
42
209
749
272
717
55
292
661
288
809
271
436
37
396
638
824
551
694
675
930
339
343
355
830
190
418
36
398
235
652
838
939
935
496
516
835
32
317
562
477
876
606
16
478
385
953
474
767
256
328
423
811
982
835
505
352
75
171
860
110
98
780
274
920
235
878
624
172
243
775
797
401
668
548
298
908
177
777
49
792
65
751
438
681
957
7
913
958
188
862
499
996
838
551
177
315
841
796
262
12
866
672
29
972
597
746
470
871
448
581
720
752
714
188
582
80
682
46
113
807
75
671
924
917
514
495
732
87
33
670
63
741
918
813
589
883
354
550
446
291
337
32
632
991
603
830
436
403
702
792
843
600
271
284
752
626
174
3
94
926
695
47
820
525
664
500
247
110
757
130
635
511
919
819
648
882
136
682
265
458
224
349
976
390
351
527
604
988
911
420
28
739
600
116
345
501
992
917
198
113
997
296
534
258
345
681
313
838
64
267
717
899
687
988
412
819
118
242
46
687
648
34
109
254
346
800
203
291
617
310
661
489
397
763
502
754
176
490
99
481
591
36
371
713
11
186
895
949
323
784
820
108
667
887
289
52
376
127
377
797
141
265
646
771
76
282
626
252
613
725
207
417
463
181
36
73
7
510
137
222
50
895
956
956
440
793
265
147
477
33
424
230
10
510
116
332
395
902
799
638
726
599
461
409
716
447
374
121
674
443
455
543
848
483
291
729
908
462
673
178
445
874
170
45
247
558
18
313
558
703
763
367
300
758
652
933
933
998
941
120
95
867
396
994
804
574
93
529
907
390
908
364
259
218
260
43
749
967
533
823
435
809
422
799
990
708
881
246
782
328
339
966
515
404
169
175
700
738
346
793
280
373
186
100
132
85
618
706
860
254
741
789
669
623
686
610
319
481
853
312
665
994
587
670
936
996
655
938
835
780
978
63
77
118
698
754
547
279
859
525
318
574
538
791
605
279
926
338
574
389
649
912
750
319
986
800
200
912
40
263
528
171
443
409
47
272
922
683
855
118
455
646
67
257
180
304
17
524
916
842
291
128
236
252
906
920
21
732
787
655
277
135
30
48
947
121
388
870
17
331
93
448
159
864
310
64
754
72
475
977
146
828
624
275
532
589
937
317
257
114
777
24
665
443
777
473
870
471
368
36
447
245
409
267
774
898
910
37
871
415
83
393
918
689
236
572
364
614
222
301
64
262
871
33
961
323
58
495
273
582
618
955
954
297
572
154
499
630
371
780
100
4
27
650
421
900
870
222
697
651
846
93
82
763
474
385
697
863
759
238
968
745
681
494
450
12
15
279
703
994
59
354
314
906
854
677
108
778
790
331
980
791
635
315
827
62
806
668
598
886
235
714
444
915
608
33
666
228
974
960
24
457
476
549
45
157
762
535
947
105
705
234
300
622
186
75
653
450
765
109
670
496
538
176
644
993
71
701
180
9
295
384
126
994
918
407
500
142
420
350
585
65
39
216
500
951
679
162
840
132
574
930
132
515
797
458
960
994
635
556
833
735
885
57
16
922
108
50
585
205
297
920
538
433
529
71
80
53
708
476
45
141
586
668
17
329
978
580
198
185
248
16
885
926
138
244
121
257
123
973
867
600
475
288
502
512
316
198
204
763
233
26
824
539
689
65
861
184
279
170
571
131
478
741
554
21
750
355
925
810
113
833
946
985
880
51
340
217
124
856
429
572
82
935
972
629
652
63
733
389
93
943
191
307
584
440
381
616
310
217
942
292
202
78
351
508
657
899
635
413
485
329
819
907
303
506
327
484
586
475
990
705
593
78
60
138
450
235
868
902
752
383
979
891
390
733
785
876
424
688
175
720
786
430
427
488
445
825
972
747
483
182
205
29
338
58
9
747
51
65
616
506
712
299
894
63
327
989
824
726
746
979
151
642
845
605
272
540
651
695
339
871
754
979
445
281
928
509
808
830
401
428
997
71
860
51
2
701
223
412
974
457
836
763
150
417
382
762
937
970
517
124
762
888
549
371
608
40
467
378
553
449
695
130
446
763
138
662
38
2
529
874
855
863
985
342
786
560
688
937
897
63
438
358
231
970
335
298
230
790
40
348
411
971
774
836
346
616
173
978
246
975
125
475
422
383
235
810
631
357
982
4
207
608
503
793
483
939
241
62
549
872
302
209
967
85
536
808
262
947
683
943
392
952
579
928
867
608
859
109
106
936
321
73
543
587
79
901
385
450
256
821
480
797
768
397
609
275
985
816
824
496
38
743
243
966
74
711
18
769
169
550
774
123
234
863
990
709
636
671
734
158
895
752
479
746
37
741
789
511
847
593
396
245
158
735
820
624
472
354
675
593
354
793
680
479
588
954
986
434
403
537
15
56
538
874
316
503
611
145
97
974
381
561
120
347
546
54
934
74
511
529
112
112
50
265
713
803
644
563
276
173
520
946
923
363
221
280
149
234
20
245
442
846
619
504
486
537
247
693
789
284
642
306
856
422
321
466
5
819
973
867
728
955
836
539
768
852
946
187
763
143
700
936
644
262
513
428
533
784
290
273
402
684
934
895
313
847
904
145
730
901
737
43
179
287
172
381
560
126
771
567
127
84
904
813
335
491
531
493
342
387
423
719
19
616
804
6
455
907
758
383
966
768
613
916
192
804
361
74
441
647
829
919
867
501
967
429
736
632
209
859
256
314
444
303
926
340
804
620
26
820
619
867
698
507
929
601
969
712
637
28
115
659
133
773
372
30
454
844
193
431
14
367
777
185
667
711
86
404
644
455
242
101
93
468
314
515
994
486
749
996
1000
530
167
387
80
589
458
483
989
343
760
109
947
885
621
395
403
101
332
495
291
526
591
630
231
73
20
105
893
186
312
90
859
541
413
167
182
5
195
91
579
728
996
161
100
654
27
593
435
666
779
945
613
125
176
234
3
309
280
33
234
615
479
442
193
198
433
817
953
304
167
950
695
210
429
650
530
250
393
762
780
713
258
90
532
209
851
852
749
955
263
616
168
987
413
267
938
835
576
736
24
411
800
941
327
623
176
59
599
95
424
999
267
89
429
651
650
697
874
932
499
783
137
730
571
111
577
856
406
298
929
143
353
214
785
192
826
263
202
836
890
194
818
121
546
595
333
718
661
950
455
326
138
218
650
583
392
68
419
243
748
697
489
903
263
61
258
43
281
583
214
815
459
626
340
567
247
478
657
694
121
694
428
113
277
937
602
807
963
868
384
304
764
843
680
203
570
971
886
438
524
178
373
828
691
133
829
142
532
595
234
809
95
993
366
972
986
635
353
836
497
287
124
392
156
121
20
634
96
745
700
787
88
693
79
889
209
499
837
680
140
106
605
255
759
489
474
985
397
764
456
422
522
837
686
412
958
127
825
440
520
429
40
208
735
502
352
234
206
314
91
275
3
160
773
983
371
217
298
97
971
488
72
401
309
313
258
686
161
132
392
728
108
47
877
716
899
704
307
34
279
59
29
185
92
977
8
825
281
832
851
979
647
174
751
817
548
481
350
667
57
197
825
171
492
936
50
84
751
24
479
447
543
690
914
952
493
710
876
859
449
181
251
366
255
446
216
559
791
831
917
575
340
247
365
26
781
117
13
557
883
23
544
890
741
342
180
460
581
804
240
372
240
721
677
643
440
52
964
176
856
229
502
843
156
278
650
359
288
966
595
505
944
866
45
321
356
368
605
994
820
580
837
643
2
140
208
573
518
767
531
983
183
771
990
837
975
63
821
169
706
899
947
604
770
533
794
991
539
15
601
106
902
94
16
293
937
276
201
490
275
451
158
173
748
921
437
451
272
881
244
714
293
269
54
721
560
727
154
348
263
556
913
68
70
231
72
525
944
853
308
333
469
562
40
12
416
264
538
441
796
384
323
782
596
846
405
765
600
52
360
610
185
366
130
609
729
33
333
188
87
550
44
372
362
727
452
428
235
216
853
325
9
251
994
335
284
375
289
263
649
701
346
549
673
515
80
69
791
540
44
924
312
865
368
638
524
181
179
657
422
561
59
396
136
429
665
681
658
101
88
645
426
656
358
916
660
559
446
718
552
785
417
340
760
218
459
486
938
350
951
811
723
867
949
666
867
521
210
159
109
852
884
778
392
167
224
362
506
988
760
899
607
406
85
904
95
44
448
246
120
847
501
512
978
322
965
912
168
942
890
412
385
578
611
991
498
217
498
810
443
316
440
447
483
311
541
392
830
1000
908
413
524
860
503
403
461
7
351
752
668
939
661
837
581
490
394
104
602
621
590
530
555
941
755
71
66
340
616
475
182
537
171
34
599
142
688
78
653
997
456
982
211
811
275
38
704
714
823
330
401
78
274
46
181
636
879
464
860
686
121
575
418
134
713
864
624
617
523
305
536
942
321
416
528
526
667
694
4
326
852
30
393
153
603
888
673
691
659
531
932
378
645
932
118
401
842
516
401
450
588
37
718
441
130
199
683
221
361
279
843
152
476
356
246
984
296
799
147
755
987
762
659
669
628
241
378
859
770
540
591
252
277
204
753
74
632
889
274
779
94
743
202
385
142
365
584
729
497
376
193
670
277
620
748
335
163
124
301
38
523
199
791
689
721
92
174
460
130
691
633
270
176
306
335
657
336
125
635
719
1000
45
901
242
876
10
207
200
341
347
373
62
851
299
123
981
17
786
439
460
511
548
570
716
256
331
772
98
336
397
617
32
229
12
239
336
509
283
133
367
130
715
887
564
272
346
336
383
845
11
198
232
589
409
291
793
694
802
587
146
141
733
676
4
511
596
147
658
745
681
511
421
253
989
966
119
100
998
654
84
776
271
518
727
812
393
951
101
319
217
608
159
411
951
90
776
312
77
560
595
570
114
372
227
592
815
421
152
740
970
454
355
262
444
365
412
509
161
288
268
644
866
128
231
122
168
354
744
848
429
614
287
447
729
491
436
423
622
471
290
682
930
213
47
196
811
641
794
6
654
709
379
174
327
387
310
314
657
171
560
37
12
518
967
684
40
268
550
453
989
676
661
13
189
159
810
237
801
296
425
42
677
655
696
324
572
784
354
95
723
432
593
594
177
658
854
515
238
819
918
606
980
152
933
148
531
70
658
706
680
764
243
295
952
69
141
58
275
856
205
444
72
69
752
989
31
952
944
791
393
406
506
648
181
350
868
357
465
700
278
511
346
864
657
614
960
728
468
751
579
823
257
431
670
656
727
64
607
399
673
611
47
533
534
830
897
353
505
805
749
637
279
259
